0 58 3
1 59 3
2 60 3
3 61 3
4 62 3
5 63 3
6 64 3
7 65 3
8 66 3
9 67 3
10 68 3
11 69 3
12 70 3
13 71 3
14 72 3
15 73 3
16 74 3
17 75 3
18 76 3
19 77 3
20 78 3
21 79 3
22 80 3
23 81 3
24 82 3
25 83 4
26 84 4
27 85 4
28 86 4
29 87 4
30 88 4
31 89 4
32 90 4
33 91 4
34 92 4
35 93 4
36 94 4
37 95 4
38 96 4
39 97 4
40 98 4
41 99 4
42 100 4
43 101 4
44 102 4
45 103 4
46 104 4
47 105 4
48 106 4
49 107 4
50 108 1
51 109 1
52 110 1
53 111 1
54 112 1
55 113 1
56 114 1
57 115 1
58 116 1
59 117 1
60 118 1
61 119 1
62 120 1
63 121 1
64 122 1
65 123 1
66 124 1
67 125 1
68 126 1
69 127 1
70 128 1
71 129 2
72 130 2
73 131 1
74 132 2
75 133 2
76 134 2
77 135 2
78 136 2
79 137 2
80 138 2
81 139 2
82 140 2
83 141 2
84 142 2
85 143 2
86 144 2
87 145 2
88 146 2
89 147 2
90 148 2
91 149 2
92 150 2
93 151 2
94 152 2
